[0.00 1.00 1.00 1.41 1.00 0.00 0.00 0.00 0.00 1.00 1.41 0.00 ]

[1.00 0.00 2.00 1.00 1.41 0.00 2.83 2.00 0.00 0.00 0.00 0.00 ]

[1.00 2.00 0.00 0.00 0.00 0.00 2.00 2.83 0.00 1.41 1.00 0.00 ]

[1.41 1.00 0.00 0.00 1.00 1.00 0.00 1.00 1.41 0.00 0.00 0.00 ]

[1.00 1.41 0.00 1.00 0.00 0.00 0.00 0.00 0.00 0.00 0.00 0.00 ]

[0.00 0.00 0.00 1.00 0.00 0.00 0.00 1.41 1.00 0.00 0.00 0.00 ]

[0.00 2.83 2.00 0.00 0.00 0.00 0.00 2.00 1.00 0.00 1.00 1.41 ]

[0.00 2.00 2.83 1.00 0.00 1.41 2.00 0.00 1.00 0.00 0.00 0.00 ]

[0.00 0.00 0.00 1.41 0.00 1.00 1.00 1.00 0.00 0.00 1.41 1.00 ]

[1.00 0.00 1.41 0.00 0.00 0.00 0.00 0.00 0.00 0.00 1.00 0.00 ]

[1.41 0.00 1.00 0.00 0.00 0.00 1.00 0.00 1.41 1.00 0.00 1.00 ]

[0.00 0.00 0.00 0.00 0.00 0.00 1.41 0.00 1.00 0.00 1.00 0.00 ]


false

[0.00 1.00 1.00 1.41 1.00 0.00 0.00 0.00 0.00 1.00 1.41 0.00 ]

[1.00 0.00 1.00 1.00 1.41 0.00 1.41 1.00 0.00 0.00 0.00 0.00 ]

[1.00 1.00 0.00 0.00 0.00 0.00 1.00 1.41 0.00 1.41 1.00 0.00 ]

[1.41 1.00 0.00 0.00 1.00 1.00 0.00 1.00 1.41 0.00 0.00 0.00 ]

[1.00 1.41 0.00 1.00 0.00 1.00 0.00 0.00 0.00 1.00 0.00 1.41 ]

[0.00 0.00 0.00 1.00 1.00 0.00 0.00 1.41 1.00 1.41 0.00 1.00 ]

[0.00 1.41 1.00 0.00 0.00 0.00 0.00 1.00 1.00 0.00 1.00 1.41 ]

[0.00 1.00 1.41 1.00 0.00 1.41 1.00 0.00 1.00 0.00 0.00 0.00 ]

[0.00 0.00 0.00 1.41 0.00 1.00 1.00 1.00 0.00 0.00 1.41 1.00 ]

[1.00 0.00 1.41 0.00 1.00 1.41 0.00 0.00 0.00 0.00 1.00 1.00 ]

[1.41 0.00 1.00 0.00 0.00 0.00 1.00 0.00 1.41 1.00 0.00 1.00 ]

[0.00 0.00 0.00 0.00 1.41 1.00 1.41 0.00 1.00 1.00 1.00 0.00 ]

true
[0.00 1.00 1.00 1.41 1.00 0.00 0.00 0.00 0.00 1.00 1.41 0.00 ]
[1.00 0.00 1.00 1.00 1.41 0.00 1.41 1.00 0.00 0.00 0.00 0.00 ]
[1.00 1.00 0.00 0.00 0.00 0.00 1.00 1.41 0.00 1.41 1.00 0.00 ]
[1.41 1.00 0.00 0.00 1.00 1.00 0.00 1.00 1.41 0.00 0.00 0.00 ]
[1.00 1.41 0.00 1.00 0.00 1.00 0.00 0.00 0.00 1.00 0.00 1.41 ]
[0.00 0.00 0.00 1.00 1.00 0.00 0.00 1.41 1.00 1.41 0.00 1.00 ]
[0.00 1.41 1.00 0.00 0.00 0.00 0.00 1.00 1.00 0.00 1.00 1.41 ]
[0.00 1.00 1.41 1.00 0.00 1.41 1.00 0.00 1.00 0.00 0.00 0.00 ]
[0.00 0.00 0.00 1.41 0.00 1.00 1.00 1.00 0.00 0.00 1.41 1.00 ]
[1.00 0.00 1.41 0.00 1.00 1.41 0.00 0.00 0.00 0.00 1.00 1.00 ]
[1.41 0.00 1.00 0.00 0.00 0.00 1.00 0.00 1.41 1.00 0.00 1.00 ]
[0.00 0.00 0.00 0.00 1.41 1.00 1.41 0.00 1.00 1.00 1.00 0.00 ]
true